
power = 2724.6142962565
throughput = 14837.16
composite = 6358.1080717336
